0 0.43509615384615385 0.25841346153846156 0.04326923076923077 0.1045673076923077
0 0.578125 0.31971153846153844 0.014423076923076924 0.030048076923076924
0 0.5576923076923077 0.32091346153846156 0.014423076923076924 0.030048076923076924
0 0.7896634615384616 0.3233173076923077 0.018028846153846152 0.027644230769230768
0 0.953125 0.3329326923076923 0.02283653846153846 0.030048076923076924
0 0.9170673076923077 0.3329326923076923 0.025240384615384616 0.03245192307692308
0 0.8822115384615384 0.33533653846153844 0.021634615384615384 0.027644230769230768
0 0.3762019230769231 0.34134615384615385 0.014423076923076924 0.021634615384615384
0 0.4699519230769231 0.3485576923076923 0.01201923076923077 0.020432692307692308
0 0.3076923076923077 0.3557692307692308 0.009615384615384616 0.014423076923076924
0 0.21394230769230768 0.3641826923076923 0.007211538461538462 0.013221153846153846
0 0.5805288461538461 0.3701923076923077 0.014423076923076924 0.01201923076923077